41,3
83,3
83,2
83,1
83,0
0,340
26,3
25,3
23,2
21,2
0,429
23,3
21,3
82,5
82,4
82,3
82,2
82,1
82,0
81,5
0,387
81,4
0,427
81,3
81,2
81,1
81,0
0,425
0,378
0,426
0,376
0,370
0,424
80,5
80,4
80,3
80,2
80,1
80,0
0,366
79,5
2,13
0,422
0,362
79,4
79,3
79,2
79,1
79,0
0,421
78,5
78,4
78,3
78,2
78,1
78,0
0,420
0,419
77,5
0,418
0,417
77,4
0,338
77,3
77,2
0,333
77,1
77,0
0,332
0,415
0,414
0,413
76,4
76,3
76,2
76,1
76,0
72,4
0,412
0,411
0,410
0,409
0,407
75,4
75,3
75,2
0,404
75,1
75,0
71,4
0,393
0,392
2,8
74,6
74,5
74,4
74,3
74,2
0,388
74,1
74,0
0,423
0,384
0,386
0,385
0,383
0,382
0,381
0,380
0,379
73,6
73,5
73,4
73,3
73,2
0,439
0,438
0,377
73,1
73,0
0,375
0,374
0,373
70,6
0,372
0,369
0,368
70,5
0,367
0,365
0,364
70,4
0,363
0,361
0,360
72,3
72,2
0,359
72,1
72,0
0,357
71,3
71,2
0,356
71,1
71,0
0,358
0,355
70,3
70,2
0,354
70,1
70,0
0,353
0,352
0,351
0,416
0,350
0,349
0,348
0,345
0,346
0,344
0,343
0,342
0,341
0,339
69,4
69,3
69,2
0,1
0,2
0,0
69,1
69,0
0,337
0,336
0,335
68,4
0,334
0,331
68,3
68,2
0,330
68,1
68,0
0,329
0,328
0,406
0,405
0,403
0,402
0,401
0,400
0,399
0,398
0,397
0,396
0,395
0,394
0,390
0,389
0,391
0,327
0,326
0,325
8,2
0,324
0,323
0,321
0,320
0,319
0,318
0,317
0,316
8,3
13,3
13,4
12,3
12,4
7,3
7,4
6,3
0,311
0,309
67,3
67,2
67,1
67,0
0,4
0,310
2,7
0,305
0,302
66,5
66,4
66,3
66,2
66,1
66,0
2,1
2,6
2,2
2,0
65,5
65,4
2,3
1,3
0,304
0,303
65,3
65,2
0,12
0,11
0,307
0,308
0,10
0,9
0,8
65,1
65,0
0,7
11,4
11,3
9,3
9,4
0,300
0,299
0,298
0,297
0,296
0,295
0,294
0,293
0,292
0,291
0,290
0,289
0,288
0,287
0,286
0,285
0,284
0,283
0,282
0,281
0,280
0,279
0,278
0,277
0,276
0,275
0,274
0,273
0,272
0,271
0,270
0,269
0,268
0,267
0,266
0,265
0,264
0,263
0,262
0,261
0,260
0,259
0,258
0,257
0,256
0,255
0,254
0,253
0,252
0,251
0,250
0,249
0,248
0,247
0,246
0,245
0,244
0,242
0,241
0,240
0,239
0,238
0,237
0,236
0,235
0,234
0,233
0,232
0,231
0,230
0,229
0,228
0,227
0,226
0,225
0,224
0,223
0,222
0,221
0,220
0,219
0,218
0,217
0,216
0,215
0,214
0,213
0,212
0,211
0,210
0,209
0,208
0,207
0,206
0,205
0,204
0,203
0,202
0,201
0,200
0,199
0,198
0,197
0,196
0,195
0,194
0,193
0,192
0,63
0,62
0,61
0,60
0,59
0,58
0,57
0,56
0,55
0,54
0,53
0,52
0,315
0,51
0,314
0,50
0,313
0,49
0,312
0,48
0,47
0,46
0,306
0,45
0,301
0,6
64,7
64,6
64,5
64,4
64,3
64,2
64,1
64,0
63,7
63,6
63,5
63,4
63,3
63,2
63,1
63,0
62,7
62,6
62,5
62,4
62,3
62,2
62,1
62,0
61,5
61,4
61,3
61,2
61,1
61,0
60,7
60,6
60,5
60,4
60,3
60,2
60,1
60,0
59,7
59,6
59,5
59,4
59,3
59,2
59,1
59,0
58,3
58,2
58,1
58,0
57,5
57,4
57,3
57,2
57,1
57,0
56,4
56,3
56,2
56,1
56,0
39,4
55,4
55,3
55,2
55,1
55,0
38,4
54,4
54,3
54,2
54,1
54,0
37,4
53,4
53,3
53,2
53,1
53,0
29,4
0,437
52,4
52,3
52,2
52,1
52,0
36,4
51,4
51,3
51,2
51,1
51,0
35,4
50,4
50,3
50,2
50,1
50,0
34,4
0,436
49,4
49,3
49,2
49,1
49,0
0,435
33,4
48,4
48,3
48,2
48,1
48,0
28,4
47,5
47,4
47,3
47,2
47,1
47,0
46,5
46,4
46,3
46,2
46,1
46,0
0,434
32,5
32,4
0,433
0,432
45,5
45,4
45,3
45,2
45,1
45,0
44,5
44,4
44,3
44,2
44,1
44,0
31,5
31,4
0,431
43,6
43,5
43,4
43,3
43,2
43,1
43,0
42,6
42,5
42,4
42,3
42,2
42,1
42,0
22,6
22,5
22,4
0,430
41,5
41,4
41,2
41,1
41,0
40,5
40,4
40,3
40,2
40,1
40,0
20,5
20,4
0,428
39,3
39,2
39,1
39,0
38,3
38,2
38,1
38,0
37,3
37,2
37,1
37,0
36,3
36,2
36,1
36,0
35,3
35,2
35,1
35,0
34,3
34,2
34,1
34,0
33,3
33,2
33,1
33,0
32,3
32,2
32,1
32,0
31,3
31,2
31,1
31,0
30,3
30,2
30,1
30,0
29,3
29,2
29,1
29,0
28,3
28,2
28,1
28,0
27,3
27,2
27,1
27,0
26,2
26,1
26,0
25,2
25,1
25,0
24,3
24,2
24,1
24,0
23,1
23,0
22,3
22,2
22,1
22,0
21,1
21,0
20,3
20,2
20,1
20,0
19,3
19,2
19,1
19,0
18,4
18,3
18,2
18,1
18,0
16,4
0,408
17,5
17,4
17,3
17,2
17,1
17,0
15,5
15,4
16,3
16,2
16,1
16,0
15,3
15,2
15,1
15,0
14,3
14,2
14,1
14,0
13,2
13,1
13,0
0,371
12,2
12,1
12,0
11,2
0,347
11,1
11,0
10,4
10,3
10,2
10,1
10,0
9,2
9,1
9,0
8,1
8,0
0,322
7,2
7,1
7,0
6,2
6,1
6,0
5,3
5,2
5,1
5,0
4,3
4,2
4,1
4,0
3,6
3,5
3,4
3,3
3,2
3,1
3,0
1,2
1,1
1,0
0,243
0,5
0,3
